%YAML:1.0
---
camera:
   intrinsic:
      - 3.6494250605269472e+03
      - 0
      - 9.3660504229560593e+02
      - 0
      - 0
      - 3.6525734657868170e+03
      - 5.4417324459239637e+02
      - 0
      - 0
      - 0
      - 1
      - 0
      - 0
      - 0
      - 0
      - 1
   distorted:
      - -1.6003225737265531e-01
      - -6.1594181186464425e-01
      - -1.1711997222541861e-03
      - -4.1281679856809309e-04
      - 3.4060179785179381e+00
   cam2ego_R:
      - 1.2691377511592546e-02
      - -1.1127021482735465e-02
      - 9.9985754901874935e-01
      - -9.9988395221848481e-01
      - -8.5681849463892738e-03
      - 1.2596360691362324e-02
      - 8.4268044240189462e-03
      - -9.9990138293716113e-01
      - -1.1234472286321419e-02
   cam2ego_t:
      - 1.9346860810087898e+00
      - -5.5132209806131677e-02
      - 1.3993366086597645e+00
   ego2gnd_t:
      - 0
      - 0
      - 0
   image_height:
      - 1080
   image_width:
      - 1920
   nearest_pt_threshold:
      - 30.
   view_range:
      - 120.
   linear_range:
      - 40.
