%YAML:1.0
---
camera:
   intrinsic:
      - 1.2182842576549315e+03
      - 0
      - 9.5650677025547122e+02
      - 0
      - 0
      - 1.2179947356684761e+03
      - 5.3863555483591972e+02
      - 0
      - 0
      - 0
      - 1
      - 0
      - 0
      - 0
      - 0
      - 1
   distorted:
      - -5.7768192358452830e-01
      - 3.2835675058761166e-01
      - -3.3960171992479716e-04
      - -4.9825451449596585e-04
      - -8.2794840752529728e-02
   cam2ego_R:
      - -5.6172405559118364e-03
      - -1.1084868035815829e-02
      - 9.9992278317336336e-01
      - -9.9998333803811856e-01
      - 1.3927157200427477e-03
      - -5.6021414712821840e-03
      - -1.3305091800276203e-03
      - -9.9993759107433866e-01
      - -1.1092506559393070e-02
   cam2ego_t:
      - 1.9122887670052700e+00
      - 5.9256648319606788e-02
      - 1.4134890024506246e+00
   ego2gnd_t:
      - 0
      - 0
      - 0
   image_height:
      - 1080
   image_width:
      - 1920
   nearest_pt_threshold:
      - 8.
   view_range:
      - 120.
   linear_range:
      - 30.
