%YAML:1.0
---
camera:
   intrinsic:
      - 1.3032308320152561e+03
      - 0
      - 9.4658208129854279e+02
      - 0
      - 0
      - 1.3039158432649072e+03
      - 4.8074017770798218e+02
      - 0
      - 0
      - 0
      - 1
      - 0
      - 0
      - 0
      - 0
      - 1
   distorted:
      - -4.5513276859017326e-01
      - 2.1048535835450680e-01
      - -1.9903774554883060e-04
      - -3.2307020064011765e-04
      - -4.7970848535576427e-02
   cam2ego_R:
      - 7.2328545311055559e-01
      - 5.9312915052583751e-02
      - 6.8799718853104552e-01
      - -6.9016042428006130e-01
      - 2.8664058060640814e-02
      - 7.2308848734650877e-01
      - 2.3167694667873048e-02
      - -9.9782781574952151e-01
      - 6.1667722840356202e-02
   cam2ego_t:
      - 1.9655882571824885e+00
      - 1.0215297872761926e+00
      - 1.0439911079742148e+00
   ego2gnd_t:
      - 0
      - 0
      - 0
   image_height:
      - 1080
   image_width:
      - 1920
   nearest_pt_threshold:
      - 8.
   view_range:
      - 80.
   linear_range:
      - 20.
