%YAML:1.0
---
camera:
   intrinsic:
      - 1.2982561172576122e+03
      - 0
      - 9.7099934003583792e+02
      - 0
      - 0
      - 1.2995263582213915e+03
      - 5.4049697677415668e+02
      - 0
      - 0
      - 0
      - 1
      - 0
      - 0
      - 0
      - 0
      - 1
   distorted:
      - -4.5774061653132020e-01
      - 2.1746162430674584e-01
      - -2.0706967927864908e-04
      - 2.9889904459788570e-04
      - -5.2095088527846917e-02
   cam2ego_R:
      - 7.2865981801114987e-01
      - -8.4668091382467444e-03
      - -6.8482346831791285e-01
      - 6.8189315818762908e-01
      - 1.0218766453017741e-01
      - 7.2427853898536121e-01
      - 6.3848182690346089e-02
      - -9.9472910601876185e-01
      - 8.0233504262594443e-02
   cam2ego_t:
      - 2.3159452213570844e+00
      - 1.0049937716938357e+00
      - 8.4330746695644143e-01
   ego2gnd_t:
      - 0
      - 0
      - 0
   image_height:
      - 1080
   image_width:
      - 1920
   nearest_pt_threshold:
      - 8.
   view_range:
      - 80.
   linear_range:
      - 20.
