%YAML:1.0
---
camera:
   intrinsic:
      - 1.9410396433316757e+03
      - 0
      - 9.7713705986748914e+02
      - 0
      - 0
      - 1.9423423876705767e+03
      - 5.5154264188542027e+02
      - 0
      - 0
      - 0
      - 1
      - 0
      - 0
      - 0
      - 0
      - 1
   distorted:
      - -5.3269560825646534e-01
      - 2.7217273003992515e-01
      - 3.9236563272335422e-04
      - 5.2982971138569070e-04
      - -6.0802492347353736e-02
   cam2ego_R:
      - -4.3561888908121446e-02
      - -8.6109898585012747e-03
      - -9.9901361987132742e-01
      - 9.9904284071114302e-01
      - 3.5985834910772950e-03
      - -4.3594181041364650e-02
      - 3.9704229706671208e-03
      - -9.9995644957693763e-01
      - 8.4459866753072259e-03
   cam2ego_t:
      - -1.0125562758296081e+00
      - -4.2580199195040254e-02
      - 1.1404086726217795e+00
   ego2gnd_t:
      - 0
      - 0
      - 0
   image_height:
      - 1080
   image_width:
      - 1920
   nearest_pt_threshold:
      - 8.
   view_range:
      - 80.
   linear_range:
      - 20.
