%YAML:1.0
---
camera:
   intrinsic:
      - 1.2970978808280963e+03
      - 0
      - 9.5815104158713700e+02
      - 0
      - 0
      - 1.2979225167360455e+03
      - 5.4052068578992271e+02
      - 0
      - 0
      - 0
      - 1
      - 0
      - 0
      - 0
      - 0
      - 1
   distorted:
      - -4.5780997030844789e-01
      - 2.1714047707468867e-01
      - -1.3554007527988264e-04
      - -1.8028504086559918e-04
      - -5.2071911555929239e-02
   cam2ego_R:
      - -7.3417439560140274e-01
      - -2.2251044994155898e-02
      - -6.7859623329339458e-01
      - 6.7517256942718507e-01
      - -1.2935980100538802e-01
      - -7.2622864400747777e-01
      - -7.1623727467984274e-02
      - -9.9134803821892681e-01
      - 1.0999594893939306e-01
   cam2ego_t:
      - 2.1613375626480571e+00
      - -9.9783983363299955e-01
      - 7.8079025031166949e-01
   ego2gnd_t:
      - 0
      - 0
      - 0
   image_height:
      - 1080
   image_width:
      - 1920
   nearest_pt_threshold:
      - 8.
   view_range:
      - 80.
   linear_range:
      - 20.
