%YAML:1.0
---
camera:
   intrinsic:
      - 1.3012609480478889e+03
      - 0
      - 9.5773193074287212e+02
      - 0
      - 0
      - 1.3023654432235314e+03
      - 4.6614628770468710e+02
      - 0
      - 0
      - 0
      - 1
      - 0
      - 0
      - 0
      - 0
      - 1
   distorted:
      - -4.5639800315227258e-01
      - 2.1450039357539613e-01
      - -3.4498373546050737e-04
      - -3.6185249944562328e-05
      - -5.0329420067628951e-02
   cam2ego_R:
      - -7.2695397939328799e-01
      - 7.2314610482435260e-02
      - 6.8286785614424461e-01
      - -6.8630370748013148e-01
      - -4.3326570937811060e-02
      - -7.2602343581305773e-01
      - -2.2915779351556035e-02
      - -9.9644036718789375e-01
      - 8.1126208435784303e-02
   cam2ego_t:
      - 1.7792677018059431e+00
      - -9.5622159796139816e-01
      - 1.0953168090871639e+00
   ego2gnd_t:
      - 0
      - 0
      - 0
   image_height:
      - 1080
   image_width:
      - 1920
   nearest_pt_threshold:
      - 8.
   view_range:
      - 80.
   linear_range:
      - 20.
