%YAML:1.0
---
camera:
   intrinsic:
      - 5.0719625248552933e+02
      - 0
      - 9.6013009450130392e+02
      - 0
      - 0
      - 5.0719583599275524e+02
      - 7.6839357708562875e+02
      - 0
      - 0
      - 0
      - 1
      - 0
      - 0
      - 0
      - 0
      - 1
   distorted:
      - 1.3599804324013839e-01
      - -3.7499241323285519e-02
      - 6.5810510765299717e-04
      - 3.4528033013146817e-04
   cam2ego_R:
      - -9.9986559208611947e-01
      - -5.5203737009525394e-03
      - 1.5437721220298996e-02
      - -1.6004019545516685e-02
      - 1.2421129974180253e-01
      - -9.9212671790192186e-01
      - 3.5593708236931888e-03
      - -9.9224043381161131e-01
      - -1.2428295292873177e-01
   cam2ego_t:
      - 1.8636986063930134e+00
      - -0.9843152095832870e+00
      - 9.6324515088647655e-01
   ego2gnd_t:
      - 0
      - 0
      - 0
   image_height:
      - 1536
   image_width:
      - 1920
   nearest_pt_threshold:
      - 8.
   view_range:
      - 80.
   linear_range:
      - 20.
