%YAML:1.0
---
camera:
   intrinsic:
      - 5.0822411493208403e+02
      - 0
      - 9.6078079405129813e+02
      - 0
      - 0
      - 5.0807505848505031e+02
      - 7.6872466951599108e+02
      - 0
      - 0
      - 0
      - 1
      - 0
      - 0
      - 0
      - 0
      - 1
   distorted:
      - 1.3622987643022613e-01
      - -3.6571113529492966e-02
      - 8.2007672030215645e-05
      - 5.0554806578880461e-04
   cam2ego_R:
      - 9.9935600103740185e-01
      - -3.5623946210342261e-02
      - 4.3032135590517183e-03
      - -9.3427219855205159e-03
      - -1.4253383244474740e-01
      - 9.8974583613901301e-01
      - -3.4645298908126586e-02
      - -9.8914864457523022e-01
      - -1.4277486542998821e-01
   cam2ego_t:
      - 1.8867682347800554e+00
      - 9.8272688470491654e-01
      - 9.6325417264415114e-01
   ego2gnd_t:
      - 0
      - 0
      - 0
   image_height:
      - 1536
   image_width:
      - 1920
   nearest_pt_threshold:
      - 8.
   view_range:
      - 80.
   linear_range:
      - 20.
