%YAML:1.0
---
camera:
   intrinsic:
      - 5.0772333538738940e+02
      - 0
      - 9.5877420356748712e+02
      - 0
      - 0
      - 5.0783970716381913e+02
      - 7.6875586635687785e+02
      - 0
      - 0
      - 0
      - 1
      - 0
      - 0
      - 0
      - 0
      - 1
   distorted:
      - 1.3548893635684978e-01
      - -3.5368382554427341e-02
      - -9.3296986554489050e-04
      - 6.8815141764805472e-04
   cam2ego_R:
      - -2.1183761280729213e-02
      - 1.2299818659407839e-01
      - -9.9218077705253360e-01
      - 9.9977315982888060e-01
      - 4.1400149942875410e-04
      - -2.1294541284889033e-02
      - -2.2084256329898671e-03
      - -9.9240680907444734e-01
      - -1.2297905577331780e-01
   cam2ego_t:
      - -1.0177586007258899e+00
      - -9.5762071454557049e-02
      - 1.1352609185351856e+00
   ego2gnd_t:
      - 0
      - 0
      - 0
   image_height:
      - 1536
   image_width:
      - 1920
   nearest_pt_threshold:
      - 8.
   view_range:
      - 80.
   linear_range:
      - 20.
