%YAML:1.0
---
camera:
   intrinsic:
      - 5.0814406103594240e+02
      - 0
      - 9.5977348877054123e+02
      - 0
      - 0
      - 5.0797491564796701e+02
      - 7.6797598756669572e+02
      - 0
      - 0
      - 0
      - 1
      - 0
      - 0
      - 0
      - 0
      - 1
   distorted:
      - 1.3405986212460308e-01
      - -3.4849544940295699e-02
      - -1.2146857255138862e-03
      - 8.1429456920457553e-04
   cam2ego_R:
      - 1.1596435554404871e-02
      - -1.7538571301018982e-01
      - 9.8443149805069752e-01
      - -9.9986201373607164e-01
      - 9.6769308086571467e-03
      - 1.3502240472327660e-02
      - -1.1894375564973353e-02
      - -9.8445223788766512e-01
      - -1.7524929428641789e-01
   cam2ego_t:
      - 3.6421708206325176e+00
      - -2.9582567106537561e-02
      - 7.7176827628807454e-01
   ego2gnd_t:
      - 0
      - 0
      - 0
   image_height:
      - 1536
   image_width:
      - 1920
   nearest_pt_threshold:
      - 8.
   view_range:
      - 80.
   linear_range:
      - 20.
