%YAML:1.0
---
lidar2camera0_R: !!opencv-matrix
   rows: 3
   cols: 3
   dt: d
   data: [ 2.5823984026080379e-02, -9.9965897343185350e-01,
       3.8805523051378410e-03, -1.0560511520962547e-02,
       -4.1544336741896060e-03, -9.9993560606534149e-01,
       9.9961072295440878e-01, 2.5781340500814542e-02,
       -1.0664194134800633e-02 ]
lidar2camera0_t: !!opencv-matrix
   rows: 3
   cols: 1
   dt: d
   data: [ -6.1394685118066693e-02, -3.6485186871490971e-01,
       -9.7727127187592677e-01 ]
lidar2camera1_R: !!opencv-matrix
   rows: 3
   cols: 3
   dt: d
   data: [ 5.5244838640450267e-03, -9.9996226052290804e-01,
       -6.7050434712935276e-03, -9.2087691852127413e-03,
       6.6539881451820344e-03, -9.9993545942318562e-01,
       9.9994233766159213e-01, 5.5858725083738903e-03,
       -9.1716618009394808e-03 ]
lidar2camera1_t: !!opencv-matrix
   rows: 3
   cols: 1
   dt: d
   data: [ 6.3171528229638313e-02, -3.6056762517741947e-01,
       -9.4985242743827369e-01 ]
lidar2camera4_R: !!opencv-matrix
   rows: 3
   cols: 3
   dt: d
   data: [ 7.3304764680266687e-01, -6.8004683252515830e-01,
       1.3321151961152300e-02, 5.6372194310485846e-02,
       4.1224922374010341e-02, -9.9755835993884445e-01,
       6.7783723947987218e-01, 7.3200875086829120e-01,
       6.8555564519229575e-02 ]
lidar2camera4_t: !!opencv-matrix
   rows: 3
   cols: 1
   dt: d
   data: [ -8.9383926527556480e-03, -8.2822929591303118e-01,
       -1.3070223028923291e+00 ]
lidar2camera5_R: !!opencv-matrix
   rows: 3
   cols: 3
   dt: d
   data: [ 7.2372937179593255e-01, 6.8556896310621562e-01,
       7.8809854874460530e-02, -8.7020708459360583e-03,
       1.2326084884524931e-01, -9.9233615126374453e-01,
       -6.9002903588389486e-01, 7.1749701042402769e-01,
       9.5173366388530911e-02 ]
lidar2camera5_t: !!opencv-matrix
   rows: 3
   cols: 1
   dt: d
   data: [ -1.5327551330903912e+00, -1.0805812836966571e+00,
       2.4546227299419476e-01 ]
lidar2camera6_R: !!opencv-matrix
   rows: 3
   cols: 3
   dt: d
   data: [ -5.5837996349186729e-02, 9.9837582940858005e-01,
       1.1305813391229271e-02, -1.0863543293529287e-02,
       1.0715302111995116e-02, -9.9988357608661504e-01,
       -9.9838073979360054e-01, -5.5954316664379999e-02,
       1.0247578045782800e-02 ]
lidar2camera6_t: !!opencv-matrix
   rows: 3
   cols: 1
   dt: d
   data: [ -3.8547412943272040e-02, -6.6853848749771627e-01,
       -1.9541922454400951e+00 ]
lidar2camera7_R: !!opencv-matrix
   rows: 3
   cols: 3
   dt: d
   data: [ -7.4001084166221898e-01, 6.7009177593346669e-01,
       -5.7973839347645884e-02, -2.1951063753701757e-02,
       -1.1020975962042764e-01, -9.9366591955470018e-01,
       -6.7223664361774771e-01, -7.3405096601716946e-01,
       9.6265644270450354e-02 ]
lidar2camera7_t: !!opencv-matrix
   rows: 3
   cols: 1
   dt: d
   data: [ 1.5548437314553250e+00, -1.0513022796095353e+00,
       2.7705862694887040e-01 ]
lidar2camera8_R: !!opencv-matrix
   rows: 3
   cols: 3
   dt: d
   data: [ -7.2371120853190996e-01, -6.8960573393204028e-01,
       -2.6191952453634069e-02, 7.0302065233939490e-02,
       -3.5916445406746871e-02, -9.9687894379066200e-01,
       6.8651271384376022e-01, -7.2329381352075361e-01,
       7.4473841404075730e-02 ]
lidar2camera8_t: !!opencv-matrix
   rows: 3
   cols: 1
   dt: d
   data: [ -1.1174580424505596e-02, -8.2737601426160179e-01,
       -1.2853478533959422e+00 ]
lidar2camera_front_fisheye_R: !!opencv-matrix
   rows: 3
   cols: 3
   dt: d
   data: [ 2.1088158324759309e-02, -9.9970357849430480e-01,
       -1.2167363073062326e-02, -1.7425734073778992e-01,
       8.3084741306371796e-03, -9.8466509456597218e-01,
       9.8447431087736581e-01, 2.2885025743974396e-02,
       -1.7403047669656610e-01 ]
lidar2camera_front_fisheye_t: !!opencv-matrix
   rows: 3
   cols: 1
   dt: d
   data: [ -1.7961235272208262e-02, -5.6660518523575387e-01,
       -2.7787519426580021e+00 ]
lidar2camera_rear_fisheye_R: !!opencv-matrix
   rows: 3
   cols: 3
   dt: d
   data: [ -2.9546864707266533e-02, 9.9956323715616902e-01,
       -5.6365933907709463e-04, 1.2109111646360733e-01,
       3.0196727118011468e-03, -9.9263680321168335e-01,
       -9.9220155427189660e-01, -2.9397559466623091e-02,
       -1.2112745022429390e-01 ]
lidar2camera_rear_fisheye_t: !!opencv-matrix
   rows: 3
   cols: 1
   dt: d
   data: [ 6.6014764856195882e-02, -4.2002834096937647e-01,
       -2.0043389034629451e+00 ]
lidar2camera_left_fisheye_R: !!opencv-matrix
   rows: 3
   cols: 3
   dt: d
   data: [ 9.9918338583922417e-01, 6.9131365399103068e-03,
       -3.9809169873852836e-02, -3.8565090330236529e-02,
       -1.3075507288214777e-01, -9.9066434513583124e-01,
       -1.2053848791378260e-02, 9.9139059883517411e-01,
       -1.3038169070291200e-01 ]
lidar2camera_left_fisheye_t: !!opencv-matrix
   rows: 3
   cols: 1
   dt: d
   data: [ -9.7266475638186634e-01, -6.4978258762603680e-01,
       -1.0879790899484707e+00 ]
lidar2camera_right_fisheye_R: !!opencv-matrix
   rows: 3
   cols: 3
   dt: d
   data: [ -9.9947882403683153e-01, -3.2260331773355806e-02,
       1.1624525043436602e-03, -5.0856832672510708e-03,
       1.2179818831633445e-01, -9.9254185662296557e-01,
       3.1878144984566578e-02, -9.9203047953010559e-01,
       -1.2189877585772220e-01 ]
lidar2camera_right_fisheye_t: !!opencv-matrix
   rows: 3
   cols: 1
   dt: d
   data: [ 8.7831998538984468e-01, -7.1452268280868336e-01,
       -1.0618516423456366e+00 ]       